image_width: 640
image_height: 480
camera_name: narrow_stereo
camera_matrix:
  rows: 3
  cols: 3
  data: [1.0319716478557593e+03,0.,3.1950000000000000e+02,
          0.,1.0319716478557593e+03,2.3950000000000000e+02,
          0.,0.,1.]
distortion_model: plumb_bob
distortion_coefficients:
  rows: 1
  cols: 5
  data: [ -1.4057871975131714e-01,1.5359512681658622e+00,0.,0.,-7.8903746571283877e+00]
rectification_matrix:
  rows: 3
  cols: 3
  data: [1.000000, 0.000000, 0.000000,
        0.000000, 1.000000, 0.000000,
        0.000000, 0.000000, 1.000000]
projection_matrix:
  rows: 3
  cols: 4
  data: [1739.616455, 0.000000, 740.206293, 0.000000,
        0.000000, 1750.185425, 570.672600, 0.000000,
        0.000000, 0.000000, 1.000000, 0.000000]
